0 0 0 0 0 0 0 0 0 0 0 0 0 0 0 0
0 2 1 1 1 1 1 1 0 0 1 1 1 1 0 0
0 0 0 0 0 0 0 1 0 0 1 0 0 1 1 0
0 1 1 1 1 1 1 1 0 0 1 1 1 0 1 0
0 1 0 0 0 0 0 0 0 0 0 0 1 0 1 0
0 1 0 0 0 0 0 1 1 1 1 1 1 0 1 0
0 1 1 1 1 0 0 1 0 0 0 0 0 0 1 3
0 0 0 0 1 0 0 1 0 0 0 0 0 0 0 0
0 0 0 0 1 0 0 1 1 1 1 1 1 0 0 0
0 0 0 0 1 0 0 0 0 0 0 0 1 0 0 0
0 0 0 0 1 1 1 0 1 1 1 1 1 0 0 0
0 0 0 0 0 0 1 1 1 0 0 0 0 0 0 0
20
150
5
N1 30 N1 30 N1 30 N1 30 R1 30 N1 30 N1 30 R1 30 N1
N1 30 F1 30 R2 30 N2 30 N3 30 N3 30 F2 30 N3 30 I2 30 R2 30 N3
S3 30 N3 30 S3 30 N3 30 R3 30 N4 30 N4 30 I4 30 I4 30 R3 30 R4 30 F4 30 S4
R4 30 R4 30 R5 30 R5 30 N5 30 N5 30 I4 30 I5 30 I5 30 N5 30 N5 30 N5 30 N5 30 S5
F5 30 F6 30 F6 30 F5 30 I7 30 I7 30 R7 30 R7 30 S7 100 S8 300 S14